Episode finished: False
Track: [11.2832 63.3556 51.0926 43.0837 38.7021 36.6483 35.5923 34.6913 34.0609
 33.4418 32.8337 32.237  31.4204 30.5144 28.893  25.9486 21.8682 17.6171
 10.1725]
Reward: 0.43572600194631017
Episode finished: False
Track: [11.2798 63.3033 51.0479 43.0462 38.6694 36.6181 35.5635 34.6636 34.0341
 33.4157 32.8085 32.2127 31.3972 30.4924 28.8734 25.9334 21.8591 17.6139
 10.1771]
Episode finished: False
Track: [11.1185 64.2607 51.9473 43.8704 39.4362 37.3535 36.2814 35.3661 34.7255
 34.0958 33.4774 32.87   32.0386 31.1153 29.4618 26.4542 22.2769 17.9163
 10.2808]
Reward: 0.814592755851012
Episode finished: False
Track: [10.8492 66.0883 53.668  45.4497 40.907  38.7646 37.6596 36.7148 36.0528
 35.4017 34.7615 34.1323 33.27   32.3114 30.5915 27.4528 23.0742 18.4873
 10.4639]
Episode finished: False
Track: [10.7097 67.0329 54.5656 46.2805 41.685  39.5133 38.3919 37.4325 36.7598
 36.098  35.4468 34.8066 33.9288 32.9523 31.1984 27.9923 23.5084 18.801
 10.5677]
Reward: 2.201485269543703
Episode finished: False
Track: [10.6017 67.7214 55.2253 46.8957 42.2641 40.072  38.9392 37.9695 37.2894
 36.6199 35.9611 35.3131 34.4243 33.435  31.6569 28.4023 23.8415 19.0447
 10.6527]
Episode finished: False
Track: [10.5059 68.2823 55.7675 47.4052 42.7462 40.5384 39.3968 38.4191 37.7331
 37.0577 36.3929 35.7388 34.8413 33.8419 32.0447 28.7512 24.1281 19.2576
 10.7314]
Reward: 3.537119573730372
Episode finished: False
Track: [10.4382 68.6074 56.0867 47.7091 43.0364 40.8205 39.6743 38.6924 38.0033
 37.3248 36.6567 35.9994 35.0972 34.0924 32.2846 28.9695 24.311  19.3973
 10.7891]
Episode finished: False
Track: [10.4096 68.5799 56.0713 47.7035 43.0368 40.8239 39.6792 38.6987 38.0107
 37.333  36.6658 36.0094 35.1085 34.1051 32.2997 28.9888 24.3354 19.4253
 10.8149]
Reward: 4.916649130793048
Episode finished: False
Track: [10.385  68.5097 56.0155 47.6608 43.0027 40.7941 39.6518 38.6733 37.9866
 37.3104 36.6447 35.9897 35.0907 34.0895 32.2882 28.9847 24.3413 19.4403
 10.8375]
Episode finished: False
Track: [10.381  68.2797 55.8072 47.4763 42.8353 40.636  39.4986 38.5246 37.8412
 37.1681 36.5057 35.854  34.9595 33.9635 32.1719 28.8872 24.272  19.4012
 10.8429]
Reward: 6.405624021366585
Episode finished: False
Track: [10.4319 67.5902 55.1637 46.8898 42.2919 40.1162 38.992  38.0296 37.3546
 36.6901 36.0362 35.3931 34.5109 33.5289 31.7636 28.531  23.9958 19.2147
 10.8043]
Episode finished: False
Track: [10.4962 66.8185 54.4442 46.2348 41.6856 39.5363 38.4267 37.4773 36.8118
 36.1568 35.5125 34.8791 34.0104 33.044  31.308  28.133  23.6863 19.0041
 10.7572]
Reward: 7.778137288983096
Episode finished: False
Track: [10.5545 66.129  53.8043 45.6544 41.1494 39.0243 37.928  36.9903 36.3333
 35.6869 35.0513 34.4265 33.5701 32.6177 30.9079 27.7843 23.4159 18.8205
 10.7169]
Episode finished: False
Track: [10.6255 65.3876 53.1166 45.0312 40.5739 38.4746 37.3925 36.4675 35.8196
 35.1825 34.5561 33.9405 33.0972 32.1597 30.478  27.409  23.1236 18.6202
 10.6691]
Reward: 9.168676840586272
Episode finished: False
Track: [10.7208 64.5066 52.3004 44.292  39.8916 37.8231 36.7579 35.8479 35.2107
 34.5844 33.969  33.3645 32.5365 31.6166 29.9678 26.963  22.7747 18.3788
 10.607 ]
Episode finished: False
Track: [10.8004 63.8535 51.6956 43.7444 39.3861 37.3403 36.2875 35.3886 34.7594
 34.1411 33.5337 32.9372 32.1206 31.2137 29.589  26.6313 22.5139 18.1963
 10.5563]
Reward: 10.972228108566034
Episode finished: False
Track: [10.883  63.2427 51.1299 43.232  38.9129 36.8882 35.847  34.9583 34.3365
 33.7256 33.1256 32.5367 31.7305 30.8357 29.2333 26.3191 22.2672 18.022
 10.5046]
Episode finished: False
Track: [10.9711 62.6488 50.5796 42.7334 38.4523 36.448  35.4179 34.5392 33.9245
 33.3208 32.728  32.1463 31.3503 30.4669 28.8861 26.0137 22.0247 17.8491
 10.4504]
Reward: 11.558422178532341
Episode finished: False
Track: [11.0828 61.9517 49.9339 42.1486 37.9122 35.9317 34.9147 34.0476 33.4412
 32.8459 32.2616 31.6882 30.904  30.0341 28.4785 25.6546 21.7387 17.6436
 10.3831]
Episode finished: False
Track: [11.234  61.0667 49.116  41.4094 37.23   35.2801 34.2798 33.4273 32.8316
 32.2469 31.6733 31.1106 30.3414 29.4885 27.9645 25.2019 21.3775 17.383
 10.2953]
Reward: 13.536216432328064
Episode finished: False
Track: [11.3836 60.2931 48.4    40.7611 36.6311 34.7076 33.7216 32.8818 32.2953
 31.7197 31.1553 30.6018 29.8454 29.0073 27.5106 24.8006 21.0548 17.1471
 10.2099]
Episode finished: False
Track: [11.5625 59.4375 47.6088 40.0454 35.97   34.0755 33.1054 32.2797 31.7032
 31.1378 30.5834 30.0401 29.2978 28.4758 27.009  24.3566 20.6966 16.8833
 10.1107]
Reward: 14.073816923025062
Episode finished: False
Track: [11.7968  58.3607  46.6181  39.1531  35.148   33.2908  32.3409  31.5331
 30.9693  30.4167  29.8751  29.3446  28.6203  27.8186  26.3893  23.8089
 20.2554  16.5584   9.98805]
Episode finished: False
Track: [12.1196 56.9252 45.3087 37.9824 34.0746 32.2684 31.346  30.5623 30.0158
 29.4805 28.9562 28.4429 27.7425 26.9681 25.5889 23.1038 19.6899 16.1436
  9.8331]
Reward: 15.304972084109968
Episode finished: False
Track: [12.4994  55.4263  43.9462  36.7676  32.9621  31.2092  30.3155  29.5569
 29.0284  28.511   28.0046  27.5091  26.8336  26.0871  24.7595  22.3719
 19.1     15.7066   9.66126]
Episode finished: False
Track: [12.9524  53.8449  42.514   35.494   31.7974  30.1007  29.2372  28.5051
 27.9955  27.4968  27.0091  26.5322  25.8825  25.1652  23.891   21.6042
 18.4783  15.2414   9.46906]
Reward: 17.20763142757422
Episode finished: False
Track: [13.4613  52.2869  41.1066  34.2449  30.6557  29.0142  28.1802  27.4739
 26.9826  26.5023  26.0328  25.5739  24.9493  24.2603  23.0378  20.848
 17.862   14.7748   9.26571]
Episode finished: False
Track: [14.0792  50.596   39.5877  32.9025  29.4314  27.8502  27.0483  26.37
 25.8985  25.4379  24.988   24.5486  23.9509  23.2922  22.1249  20.0383
 17.2     14.2702   9.03839]
Reward: 17.569539928479283
Episode finished: False
Track: [14.8733  48.6395  37.8482  31.3775  28.0468  26.5362  25.7718  25.1259
 24.6776  24.2398  23.8125  23.3956  22.8288  22.2048  21.1005  19.1309
 16.4583  13.7035   8.77927]
Episode finished: False
Track: [15.8485  46.5792  36.0289  29.7906  26.609   25.1729  24.4477  23.8358
 23.4114  22.9974  22.5937  22.1999  21.6652  21.0771  20.0376  18.1876
 15.6835  13.1059   8.49459]
Reward: 19.49414577628544
Episode finished: False
Track: [17.0239  44.4982  34.2012  28.2016  25.171   23.8095  23.1235  22.5454
 22.1449  21.7545  21.374   21.0032  20.5002  19.9474  18.9717  17.2388
 14.8987  12.4935   8.18851]
Episode finished: False
Track: [18.2416  42.7849  32.6789  26.865   23.9528  22.65    21.9948  21.4434
 21.0617  20.6899  20.3278  19.9753  19.4972  18.9723  18.0472  16.4072
 14.1984  11.9325   7.88149]
Reward: 20.14473593729436
Episode finished: False
Track: [19.7327  41.0003  31.1003  25.4837  22.6955  21.4538  20.8306  20.3067
 19.9445  19.5919  19.2488  18.9148  18.4624  17.9662  17.0926  15.5474
 13.4716  11.3464   7.55229]
Episode finished: False
Track: [21.6944  39.0625  29.4005  24.0051  21.3534  20.1782  19.5897  19.0957
 18.7544  18.4225  18.0997  17.7858  17.3609  16.8953  16.0767  14.632
 12.6962  10.7184   7.19295]
Reward: 21.509568666763233
Episode finished: False
Track: [24.4655  36.9742  27.5851  22.4359  19.933   18.8296  18.2783  17.8162
 17.4973  17.1874  16.8863  16.5937  16.1979  15.7647  15.0042  13.6648
 11.875   10.0501   6.80263]
Episode finished: False
Track: [28.982   34.8376  25.7348  20.8401  18.489   17.4582  16.9445  16.5145
 16.2181  15.9303  15.6509  15.3796  15.0131  14.6122  13.9095  12.6748
 11.0296   9.35597  6.38427]
Reward: 22.379788523371317
Episode finished: False
Track: [80.8677  32.5467  23.7734  19.1612  16.9745  16.0216  15.5479  15.152
 14.8794  14.6151  14.3586  14.1098  13.7739  13.4069  12.7646  11.6388
 10.1428   8.62448  5.93502]
Episode finished: False
Track: [78.4229  30.134   21.7336  17.4289  15.4168  14.5454  14.1135  13.753
 13.5052  13.2649  13.0322  12.8065  12.5021  12.17    11.5895  10.5743
  9.22928  7.86705  5.46051]
Reward: 23.00796134178681
Episode finished: False
Track: [76.3826  27.905   19.8294  15.8004  13.9451  13.1469  12.7525  12.4238
 12.1981  11.9796  11.768   11.5632  11.2871  10.9863  10.4613   9.5458
  8.33699  7.1166   4.96938]
Episode finished: False
Track: [74.1456  25.4701  17.7923  14.0811  12.4003  11.6824  11.3286  11.0344
 10.8327  10.6376  10.4488  10.2662  10.0205   9.75294  9.28692  8.47632
  7.40964  6.33592  4.45418]
Reward: 24.6057724524853
Episode finished: False
Track: [71.3914  22.6459  15.5223  12.2092  10.7357  10.111    9.80402  9.54919
  9.37462  9.20598  9.04298  8.88546  8.67358  8.44323  8.04253  7.34707
  6.43416  5.51697  3.9144 ]
Episode finished: False
Track: [68.4433  19.6287  13.1514  10.2742   9.02004  8.4923   8.23386  8.01964
  7.87309  7.73164  7.59508  7.46318  7.286    7.09355  6.75925  6.18033
  5.42231  4.6622   3.33868]
Reward: 25.883091060547574
Episode finished: False
Track: [65.2559  16.3678  10.6627   8.26693  7.2457   6.8195   6.61141  6.43928
  6.32167  6.20829  6.09891  5.99336  5.85169  5.69802  5.43145  4.97084
  4.36925  3.76719  2.72307]
Episode finished: False
Track: [61.867   12.8581   8.08106  6.21115  5.43381  5.11219  4.95568  4.82651
  4.73833  4.65343  4.57161  4.49272  4.38695  4.27231  4.07381  3.73158
  3.28578  2.84056  2.07201]
Reward: 26.57330132813859
Episode finished: False
Track: [58.1805   8.99436  5.39004  4.1029   3.58255  3.36919  3.26577  3.18052
  3.12246  3.06657  3.01276  2.96095  2.89157  2.81642  2.6865   2.46303
  2.17266  1.8833   1.38634]
Episode finished: False
Track: [54.1819    4.63731   2.59472   1.95324   1.70199   1.59995   1.55066
  1.51015   1.48256   1.45607   1.43057   1.40603   1.37322   1.33774
  1.27645   1.17126   1.03497   0.899456  0.668045]
Reward: 26.955883585327378
Episode finished: True
Track: [-1. -1. -1. -1. -1. -1. -1. -1. -1. -1. -1. -1. -1. -1. -1. -1. -1. -1.
 -1.]
Episode finished: False
Track: [  9.11504  19.4798   30.0481   49.8415   82.9596  124.447   169.783
 200.      200.      200.      200.      200.      200.      185.697
 106.288    57.3627   32.5837   20.4768    9.27178]
Reward: 0.10233019223085284
Episode finished: False
Track: [  9.09514  19.358    29.749    49.0113   80.6723  119.362   160.451
 200.      200.      200.      200.      200.      200.      200.
 110.301    58.5063   32.9445   20.6141    9.29287]
Episode finished: False
Track: [  9.0916   19.3364   29.6961   48.8659   80.2769  118.497   158.891
 200.      200.      200.      200.      200.      200.      200.
 111.05     58.7154   33.0097   20.6389    9.29665]
Reward: 0.9527796662065718
Episode finished: False
Track: [  9.09162  19.3365   29.6965   48.8667   80.2793  118.502   158.9
 200.      200.      200.      200.      200.      200.      200.
 111.045    58.7143   33.0094   20.6387    9.29663]
Episode finished: False
Track: [  9.09163  19.3366   29.6966   48.8671   80.2802  118.504   158.904
 200.      200.      200.      200.      200.      200.      200.
 111.044    58.7137   33.0093   20.6387    9.29662]
Reward: 2.4634340970465436
Episode finished: False
Track: [  9.09166  19.3368   29.697    48.8683   80.2835  118.511   158.917
 200.      200.      200.      200.      200.      200.      200.
 111.037    58.7119   33.0086   20.6385    9.29659]
Episode finished: False
Track: [  9.09166  19.3368   29.6971   48.8685   80.284   118.512   158.918
 200.      200.      200.      200.      200.      200.      200.
 111.036    58.7118   33.0086   20.6384    9.29659]
Reward: 3.9696689419022357
Episode finished: False
Track: [  9.09167  19.3368   29.6972   48.8685   80.2841  118.512   158.919
 200.      200.      200.      200.      200.      200.      200.
 111.036    58.7117   33.0086   20.6384    9.29658]
Episode finished: False
Track: [  9.08521  19.3245   29.6803   48.8469   80.2647  118.513   158.96
 200.      200.      200.      200.      200.      200.      200.
 111.041    58.7339   33.0265   20.6513    9.30317]
Reward: 5.4773161440826685
Episode finished: False
Track: [  9.07623  19.3041   29.6469   48.7861   80.1495  118.315   158.656
 200.      200.      200.      200.      200.      200.      200.
 111.221    58.8105   33.0644   20.6734    9.31236]
Episode finished: False
Track: [  9.06727  19.2836   29.6136   48.7258   80.0353  118.12    158.356
 200.      200.      200.      200.      200.      200.      200.
 111.4      58.8866   33.102    20.6954    9.32155]
Reward: 6.982675499988546
Episode finished: False
Track: [  9.05899  19.2674   29.5906   48.6936   79.9977  118.091   158.356
 200.      200.      200.      200.      200.      200.      200.
 111.431    58.9216   33.1269   20.7125    9.33   ]
Episode finished: False
Track: [  9.05069  19.251    29.5672   48.6604   79.9572  118.057   158.346
 200.      200.      200.      200.      200.      200.      200.
 111.468    58.9581   33.1522   20.7298    9.33847]
Reward: 8.488366839924565
Episode finished: False
Track: [  9.04175  19.2308   29.5344   48.6011   79.8458  117.867   158.057
 200.      200.      200.      200.      200.      200.      200.
 111.641    59.0327   33.1895   20.7516    9.34763]
Episode finished: False
Track: [  9.0328  19.2104  29.5014  48.5413  79.7332 117.675  157.763  200.
 200.     200.     200.     200.     200.     200.     111.817   59.1081
  33.227   20.7735   9.3568]
Reward: 10.016762628685134
Episode finished: False
Track: [  9.02437  19.1932   29.476    48.5027   79.6781  117.609   157.695
 200.      200.      200.      200.      200.      200.      200.
 111.882    59.1525   33.2547   20.7918    9.36542]
Episode finished: False
Track: [  9.01589  19.1761   29.4508   48.4649   79.6256  117.549   157.638
 200.      200.      200.      200.      200.      200.      200.
 111.941    59.1955   33.2821   20.81      9.37408]
Reward: 11.50567387330862
Episode finished: False
Track: [  9.00718  19.1572   29.4214   48.4151   79.5401  117.416   157.451
 200.      200.      200.      200.      200.      200.      200.
 112.064    59.2563   33.315    20.8302    9.38299]
Episode finished: False
Track: [  8.99822  19.1368   29.3882   48.355    79.4267  117.222   157.153
 200.      200.      200.      200.      200.      200.      200.
 112.242    59.3323   33.3527   20.8521    9.39218]
Reward: 12.992373083970264
Episode finished: False
Track: [  8.98957  19.1183   29.3597   48.3076   79.3478  117.103   156.992
 200.      200.      200.      200.      200.      200.      200.
 112.353    59.3895   33.3845   20.8719    9.40102]
Episode finished: False
Track: [  8.98063  19.0987   29.3288   48.2544   79.2539  116.953   156.774
 199.542   200.      200.      200.      200.      200.      200.
 112.493    59.4552   33.4193   20.8929    9.41018]
Reward: 14.504673621154934
Episode finished: False
Track: [  8.96406  19.063    29.2734   48.1615   79.0965  116.713   156.44
 198.814   200.      200.      200.      200.      200.      200.
 112.718    59.5683   33.4812   20.9311    9.42714]
Episode finished: False
Track: [  8.94673  19.0259   29.2159   48.0656   78.9355  116.469   156.104
 198.058   200.      200.      200.      200.      200.      200.
 112.946    59.6846   33.5452   20.9708    9.44487]
Reward: 16.043971407289916
Episode finished: False
Track: [  8.92954  18.9896   29.1604   47.9752   78.7894  116.258   155.827
 197.307   200.      200.      200.      200.      200.      200.
 113.145    59.7928   33.6069   21.0096    9.46244]
Episode finished: False
Track: [  8.9125   18.9541   29.1071   47.8908   78.6599  116.082   155.615
 196.565   200.      200.      200.      200.      200.      200.
 113.311    59.8916   33.6656   21.0473    9.47986]
Reward: 17.435688019995343
Episode finished: False
Track: [  8.89508  18.9164   29.0481   47.7908   78.4875  115.814   155.234
 195.699   200.      200.      200.      200.      200.      200.
 113.563    60.0143   33.7317   21.0877    9.49769]
Episode finished: False
Track: [  8.87788  18.8799   28.9924   47.6998   78.3399  115.599   154.951
 194.86    200.      200.      200.      200.      200.      200.
 113.764    60.1232   33.7936   21.1266    9.51528]
Reward: 18.804397285852982
Episode finished: False
Track: [  8.86084  18.8445   28.9391   47.6156   78.2107  115.425   154.74
 194.031   200.      200.      200.      200.      200.      200.
 113.929    60.2218   33.8522   21.1643    9.53269]
Episode finished: False
Track: [  8.84332  18.8062   28.8788   47.5116   78.0278  115.133   154.319
 193.058   200.      200.      200.      200.      200.      200.
 114.202    60.3505   33.9203   21.2055    9.55064]
Reward: 20.248503066192136
Episode finished: False
Track: [  8.82635  18.7711   28.8264   47.4298   77.905   114.973   154.133
 192.183   200.      200.      200.      200.      200.      200.
 114.353    60.4453   33.9777   21.2426    9.56797]
Episode finished: False
Track: [  8.80886  18.733    28.7665   47.3274   77.7263  114.69    153.728
 191.16    200.      200.      200.      200.      200.      200.
 114.618    60.5718   34.0451   21.2836    9.58588]
Reward: 21.715009847900873
Episode finished: False
Track: [  8.79162  18.6963   28.7102   47.2347   77.5741  114.466   153.427
 190.164   200.      200.      200.      200.      200.      200.
 114.829    60.6833   34.1077   21.3227    9.60352]
Episode finished: False
Track: [  8.77446  18.6601   28.655    47.1451   77.4302  114.259   153.158
 189.152   200.      200.      200.      200.      200.      200.
 115.023    60.79     34.1689   21.3613    9.62107]
Reward: 23.207016563966157
Episode finished: False
Track: [  8.7571   18.6227   28.597    47.0478   77.2654  114.007   152.807
 188.067   200.      200.      200.      200.      200.      200.
 115.26     60.9087   34.2338   21.4014    9.63884]
Episode finished: False
Track: [  8.73421  18.574    28.5221   46.9244   77.0621  113.706   152.403
 186.932   200.      200.      200.      200.      200.      200.
 115.542    61.0574   34.3171   21.4534    9.66226]
Reward: 24.72381549498777
Episode finished: False
Track: [  8.70835  18.519    28.4377   46.7856   76.8344  113.37    151.953
 185.747   200.      200.      200.      200.      200.      200.
 115.858    61.2243   34.411    21.5121    9.6887 ]
Episode finished: False
Track: [  8.68249  18.4641   28.3533   46.6468   76.6067  113.035   151.504
 184.528   199.405   200.      200.      200.      200.      200.
 116.173    61.3912   34.5048   21.5708    9.71516]
Reward: 26.369010326094386
Episode finished: False
Track: [  8.65665  18.4091   28.2691   46.5084   76.3799  112.701   151.058
 183.279   197.998   200.      200.      200.      200.      200.
 116.487    61.5576   34.5986   21.6295    9.74159]
Episode finished: False
Track: [  8.63104  18.3547   28.1854   46.3708   76.1539  112.368   150.611
 182.004   196.565   200.      200.      200.      200.      200.
 116.8      61.7232   34.6917   21.6876    9.76779]
Reward: 27.957109006975212
Episode finished: False
Track: [  8.60542  18.3002   28.1018   46.2332   75.9279  112.034   150.164
 180.696   195.093   200.      200.      200.      200.      200.
 117.113    61.8887   34.7847   21.7458    9.79398]
Episode finished: False
Track: [  8.57982  18.2458   28.0182   46.0957   75.702   111.701   149.717
 179.353   193.583   200.      200.      200.      200.      200.
 117.426    62.0542   34.8777   21.8039    9.82017]
Reward: 29.63430156238331
Episode finished: False
Track: [  8.55421  18.1913   27.9346   45.9581   75.4761  111.367   149.27
 177.975   192.034   200.      200.      200.      200.      200.
 117.74     62.2197   34.9707   21.8621    9.84637]
Episode finished: False
Track: [  8.52861  18.1369   27.851    45.8205   75.2502  111.034   148.824
 176.562   190.446   200.      200.      200.      200.      200.
 118.053    62.3852   35.0638   21.9203    9.87256]
Reward: 31.296495078662385
Episode finished: False
Track: [  8.503    18.0824   27.7673   45.6829   75.0242  110.701   148.377
 175.114   188.819   200.      200.      200.      200.      200.
 118.366    62.5507   35.1568   21.9784    9.89876]
Episode finished: False
Track: [  8.4774   18.028    27.6837   45.5455   74.7988  110.368   147.887
 173.63    187.153   199.543   200.      200.      200.      200.
 118.678    62.716    35.2496   22.0365    9.92494]
Reward: 32.95088928108211
Episode finished: False
Track: [  8.45179  17.9735   27.6001   45.4079   74.5728  110.035   147.274
 172.11    185.447   197.708   200.      200.      200.      200.
 118.991    62.8815   35.3427   22.0947    9.95114]
Episode finished: False
Track: [  8.41962  17.9051   27.495    45.2351   74.2889  109.616   146.468
 170.508   183.665   195.797   200.      200.      200.      200.
 119.385    63.0895   35.4596   22.1678    9.98405]
Reward: 34.60928305016762
Episode finished: False
Track: [  8.38547  17.8325   27.3835   45.0516   73.9876  109.171   145.554
 168.858   181.832   193.834   200.      200.      200.      200.
 119.803    63.3102   35.5836   22.2453   10.019  ]
Episode finished: False
Track: [  8.35133  17.7599   27.272    44.8682   73.6864  108.727   144.572
 167.173   179.961   191.829   200.      200.      200.      200.
 120.22     63.5308   35.7076   22.3229   10.0539 ]
Reward: 36.26587693454745
Episode finished: False
Track: [  8.31718  17.6873   27.1605   44.6847   73.3851  108.282   143.524
 165.451   178.051   189.782   200.      200.      200.      200.
 120.638    63.7515   35.8317   22.4004   10.0888 ]
Episode finished: False
Track: [  8.28304  17.6147   27.049    44.5013   73.0839  107.838   142.412
 163.694   176.102   187.693   198.519   200.      200.      200.
 121.055    63.9722   35.9557   22.478    10.1237 ]
Reward: 37.899472292132614
Episode finished: False
Track: [  8.2489  17.542   26.9375  44.3179  72.7826 107.393  141.24   161.902
 174.116  185.562  196.283  200.     200.     200.     121.473   64.1929
  36.0798  22.5555  10.1587]
Episode finished: False
Track: [  8.21476  17.4695   26.826    44.1345   72.4814  106.949   140.012
 160.075   172.09    183.391   194.      200.      200.      200.
 121.891    64.4136   36.2038   22.633    10.1936 ]
Reward: 39.49557005168298
Episode finished: False
Track: [  8.18062  17.3969   26.7146   43.9512   72.1805  106.505   138.728
 158.212   170.03    181.18    191.676   200.      200.      200.
 122.307    64.634    36.3279   22.7106   10.2285 ]
Episode finished: False
Track: [  8.14648  17.3243   26.6032   43.7677   71.8793  106.061   137.392
 156.314   167.93    178.929   189.308   198.197   200.      200.
 122.725    64.8547   36.4519   22.7881   10.2634 ]
Reward: 41.04757086824563
Episode finished: False
Track: [  8.11234  17.2517   26.4917   43.5843   71.5781  105.616   136.003
 154.383   165.795   176.638   186.899   195.713   200.      200.
 123.142    65.0753   36.5759   22.8656   10.2984 ]
Episode finished: False
Track: [  8.07819  17.179    26.3802   43.4009   71.2768  105.172   134.565
 152.417   163.624   174.309   184.448   193.186   200.      200.
 123.676    65.2961   36.7      22.9432   10.3333 ]
Reward: 42.548974702055716
Episode finished: False
Track: [  8.04405  17.1064   26.2687   43.2175   70.9755  104.727   133.077
 150.417   161.417   171.942   181.956   190.615   200.      200.
 124.864    65.5167   36.824    23.0207   10.3682 ]
Episode finished: False
Track: [  8.00632  17.0262   26.1455   43.0149   70.643   104.237   131.514
 148.362   159.157   169.522   179.41    187.99    197.871   200.
 127.726    65.7603   36.9609   23.1064   10.4068 ]
Reward: 43.99358242268362
Episode finished: False
Track: [  7.96365  16.9355   26.0061   42.7856   70.2665  103.681   129.864
 146.245   156.836   167.039   176.803   185.305   195.126   200.
 200.       66.0362   37.1159   23.2033   10.4505 ]
Episode finished: False
Track: [  7.92097  16.8447   25.8667   42.5563   69.8899  103.126   128.174
 144.095   154.482   164.522   174.158   182.58    192.338   200.
 200.       66.312    37.271    23.3002   10.4941 ]
Reward: 45.37539392430436
Episode finished: False
Track: [  7.87829  16.7539   25.7273   42.327    69.5133  102.57    126.443
 141.916   152.096   161.97    171.476   179.814   189.51    199.988
 200.       66.5879   37.4261   23.3972   10.5378 ]
Episode finished: False
Track: [  7.83561  16.6632   25.588    42.0977   69.1368  102.014   124.674
 139.705   149.679   159.384   168.757   177.009   186.644   196.963
 200.       66.8637   37.5811   23.4941   10.5814 ]
Reward: 46.685010049691634
Episode finished: False
Track: [  7.79285  16.5723   25.4485   41.8681   68.7599  101.459   122.866
 137.465   147.232   156.766   166.002   174.166   183.738   193.899
 200.       67.1398   37.7364   23.5912   10.6252 ]
Episode finished: False
Track: [  7.75017  16.4815   25.3091   41.6388   68.3833  100.903   121.019
 135.197   144.754   154.117   163.214   171.286   180.791   190.796
 200.       67.4157   37.8915   23.6881   10.6688 ]
Reward: 47.91383156650823
Episode finished: False
Track: [  7.70749  16.3907   25.1697   41.4095   68.0067  100.281   119.137
 132.901   142.249   151.437   160.392   168.37    177.806   187.656
 200.       67.6916   38.0465   23.785    10.7125 ]
Episode finished: False
Track: [  7.66482  16.3      25.0303   41.1803   67.6302   99.4557  117.22
 130.577   139.716   148.728   157.539   165.42    174.783   184.48
 200.       67.9674   38.2016   23.882    10.7561 ]
Reward: 49.05805828947143
Episode finished: False
Track: [  7.62214  16.2092   24.891    40.951    67.2536   98.4666  115.269
 128.228   137.156   145.99    154.655   162.437   171.724   181.269
 200.       68.2432   38.3566   23.9789   10.7998 ]
Episode finished: False
Track: [  7.57946  16.1185   24.7516   40.7217   66.877    97.3461  113.284
 125.853   134.571   143.226   151.742   159.421   168.629   178.026
 198.277    68.5191   38.5117   24.0758   10.8434 ]
Reward: 50.114290647652005
Episode finished: False
Track: [  7.53678  16.0277   24.6122   40.4924   66.5005   96.1138  111.268
 123.454   131.961   140.436   148.801   156.376   165.5     174.75
 194.739    68.795    38.6667   24.1728   10.8871 ]
Episode finished: False
Track: [  7.50231  15.9545   24.4998   40.3076   66.1977   94.8579  109.274
 121.078   129.372   137.661   145.869   153.331   162.362   171.468
 191.174    69.0167   38.7916   24.2509   10.9223 ]
Reward: 51.08322957897762
Episode finished: False
Track: [  7.45964  15.8637   24.3604   40.0783   65.8211   93.445   107.196
 118.632   126.716   134.823   142.875   150.227   159.167   168.133
 187.538    69.2926   38.9467   24.3479   10.966  ]
Episode finished: False
Track: [  7.41696  15.7729   24.221    39.849    65.4445   91.9579  105.088
 116.163   124.038   131.961   139.855   147.096   155.941   164.77
 183.853    69.5684   39.1017   24.4448   11.0096 ]
Reward: 51.97347258435406
Episode finished: False
Track: [  7.37428  15.6822   24.0816   39.6196   65.0677   90.4051  102.952
 113.674   121.34    129.077   136.812   143.938   152.685   161.381
 180.118    69.8444   39.2568   24.5417   11.0533 ]
Episode finished: False
Track: [  7.3316  15.5914  23.9422  39.3901  64.6906  88.7908 100.789  111.163
 118.621  126.172  133.745  140.754  149.4    157.965  176.333   70.1207
  39.412   24.6387  11.097 ]
Reward: 52.78542006468808
Episode finished: False
Track: [  7.28891  15.5006   23.8027   39.1605   64.3132   87.1218   98.6001
 108.632   115.883   123.247   130.657   137.545   146.086   154.526
 172.498    70.3972   39.5672   24.7357   11.1406 ]
Episode finished: False
Track: [  7.23922  15.3949   23.6403   38.8932   63.8738   85.3548   96.345
 106.044   113.09    120.269   127.516   134.286   142.723   151.044
 168.61     70.865    39.748    24.8486   11.1915 ]
Reward: 53.524671275265085
Episode finished: False
Track: [  7.18799  15.2859   23.4729   38.6174   63.4202   83.5331   94.0574
 103.43    110.272   117.264   124.347   130.996   139.328   147.534
 164.693    71.7836   39.9345   24.9651   11.2439 ]
Episode finished: False
Track: [  7.13676  15.1768   23.3053   38.3414   62.9283   81.669    91.7472
 100.798   107.436   114.241   121.157   127.683   135.906   144.003
 160.751    73.3434   40.1211   25.0817   11.2963 ]
Reward: 54.19772490792248
Episode finished: False
Track: [  7.085   15.0667  23.136   38.0623  62.2302  79.7467  89.3918  98.1227
 104.556  111.169  117.917  124.316  132.423  140.416  156.746   75.9774
  40.3099  25.1995  11.3493]
Episode finished: False
Track: [  7.03325  14.9565   22.9666   37.7831   61.3552   77.7868   87.0151
  95.4315  101.66    108.084   114.659   120.928   128.914   136.809
 152.719    80.862    40.4988   25.3173   11.4022 ]
Reward: 54.817379649009354
Episode finished: False
Track: [  6.98149  14.8463   22.7972   37.5039   60.3379   75.7928   84.6187
  92.7241   98.7493  104.981   111.383   117.519   125.379   133.183
 148.671   180.371    40.6877   25.4352   11.4552 ]
Episode finished: False
Track: [  6.92972  14.736    22.6276   37.2242   59.2017   73.7647   82.2021
  90.0019   95.8238  101.863   108.09    114.09    121.82    129.539
 144.603   176.217    40.877    25.5532   11.5082 ]
Reward: 55.38183617763317
Episode finished: False
Track: [  6.87794  14.6257   22.4579   36.9441   57.9632   71.7041   79.7665
  87.2641   92.8846   98.7313  104.78    110.641   118.236   125.876
 140.515   172.016    41.0666   25.6713   11.5612 ]
Episode finished: False
Track: [  6.82615  14.5153   22.2881   36.6637   56.6382   69.6143   77.3122
  84.5122   89.931    95.5856  101.454   107.174   114.63    122.186
 136.408   167.766    41.2565   25.7895   11.6142 ]
Reward: 55.89729190127004
Episode finished: False
Track: [  6.77437  14.4049   22.1183   36.3833   55.236    67.4956   74.8402
  81.7479   86.9654   92.4274   98.1148  103.689   111.001   118.468
 132.284   163.466    41.4548   25.9077   11.6672 ]
Episode finished: False
Track: [  6.72257  14.2945   21.9483   36.1027   53.7651   65.3507   72.3518
  78.9707   83.9889   89.2565   94.7603  100.187   107.348   114.72
 128.143   159.115    41.8081   26.0261   11.7203 ]
Reward: 56.37084844749099
Episode finished: False
Track: [  6.67077  14.1841   21.7783   35.7672   52.2309   63.1795   69.8465
  76.1802   80.9998   86.0729   91.392    96.666   103.671   110.943
 123.985   154.708    42.3951   26.1445   11.7733 ]
Episode finished: False
Track: [  6.61896  14.0735   21.6081   35.2633   50.6417   60.9826   67.3256
  73.3776   77.9994   82.8777   88.0099   93.1304   99.9738  107.137
 119.812   150.243    43.2561   26.2631   11.8264 ]
Reward: 56.80880331034447
Episode finished: False
Track: [  6.56715  13.963    21.4379   34.615    49.0017   58.7637   64.7886
  70.5634   74.9888   79.6724   84.6161   89.5781   96.2547  103.3
 115.623   145.718    44.4446   26.3818   11.8795 ]
Episode finished: False
Track: [  6.51533  13.8525   21.2677   33.8451   47.3128   56.5212   62.2372
  67.7386   71.9683   76.4572   81.2095   86.0105   92.5136   99.4349
 111.421   141.126    46.0326   26.5112   11.9326 ]
Reward: 57.21745756670481
Episode finished: False
Track: [  6.46351  13.7419   21.0974   32.9707   45.5816   54.2572   59.6718
  64.9024   68.9367   73.231    77.7914   82.4277   88.7504   95.5397
 107.205   136.464    48.1252   26.7441   11.9857 ]
Episode finished: False
Track: [  6.41168  13.6313   20.8588   32.0046   43.8086   51.9722   57.0916
  62.056    65.8963   69.9949   74.3611   78.8297   84.967    91.6148
 102.976   131.723    50.8792   27.1095   12.0389 ]
Reward: 57.60261007194825
Episode finished: False
Track: [  6.35985  13.5206   20.5003   30.9572   41.9979   49.6676   54.4983
  59.1989   62.8465   66.7499   70.9193   75.2177   81.1606   87.6587
  98.7333  126.898    54.5566   27.6171   12.092  ]
Episode finished: False
Track: [  6.30802  13.3945   20.0371   29.8379   40.1516   47.3437   51.8921
  56.3319   59.788    63.4968   67.4691   71.5917   77.3334   83.6715
  94.4779  121.976    59.6583   28.2776   12.1452 ]
Reward: 57.96976146949309
Episode finished: False
Track: [  6.25618  13.1871   19.4818   28.6522   38.2715   45.001    49.2728
  53.456    56.7213   60.2341   64.0074   67.951    73.4852   79.6526
  90.2107  116.946    67.7934   29.1046   12.2016 ]
Episode finished: False
Track: [  6.20435  12.8986   18.844    27.4074   36.3608   42.6414   46.6407
  50.5707   53.6462   56.9628   60.5359   64.296    69.615    75.6028
  85.9316  111.79    149.905    30.1123   12.3    ]
Reward: 58.32421231498932
Episode finished: False
Track: [  6.12858  12.5365   18.1316   26.1074   34.4189   40.2633   43.9959
  47.6755   50.5626   53.6845   57.0567   60.6278   65.7239   71.5187
  81.6413  106.485   145.048    31.318    12.4514 ]
Episode finished: False
Track: [  6.00769  12.1071   17.3517   24.7565   32.4494   37.8688   41.3406
  44.7714   47.4715   50.3977   53.5673   56.9464   61.8104   67.3994
  77.3287  101.      140.101    32.7415   12.656  ]
Reward: 58.657643230619044
Episode finished: False
Track: [  5.84418  11.6161   16.5101   23.3596   30.4527   35.4581   38.6741
  41.8598   44.3733   47.1039   50.0701   53.2538   57.876    63.2462
  72.9617   95.3694  135.057    34.4055   12.9136 ]
Episode finished: False
Track: [  5.64046  11.068    15.6112   21.9186   28.4299   33.0316   35.9962
  38.9391   41.2671   43.803    46.5652   49.5473   53.9188   59.0577
  68.5298   89.7223  129.902    36.3387   13.2242 ]
Reward: 58.9207152028394
Episode finished: False
Track: [  5.39717  10.4643   14.6561   20.4321   26.3769   30.5839   33.3002
  36.0035   38.1467   40.4878   43.0437   45.8212   49.933    54.8258
  64.0197   84.0559  124.617    38.5797   13.5894 ]
Episode finished: False
Track: [  5.11089   9.79882  13.6351   18.8851   24.2738   28.0923   30.5625
  33.0274   34.986    37.1311   39.4798   42.047    45.8885   50.5189
  59.4096   78.3515  119.169    41.1935   14.0156 ]
Reward: 59.12059649622167
Episode finished: False
Track: [  4.79025   9.08779  12.5698   17.3039   22.1504   25.5879   27.8166
  30.0453   31.8208   33.7692   35.9098   38.2596   41.8223   46.1722
  54.7142   72.636   113.557    44.4812   14.4948 ]
Episode finished: False
Track: [  4.43688   8.33415  11.4624   15.6902   20.0069   23.071    25.0617
  27.0569   28.6505   30.4028   32.3334   34.462    37.7315   41.7821
  49.9285   66.9114  107.777    49.6468   15.0273 ]
Reward: 59.27072226070144
Episode finished: False
Track: [  4.05224   7.5405   10.3163   14.0463   17.8448   20.5436   22.2998
  24.064    25.4761   27.0326   28.7524   30.6545   33.6188   37.3457
  45.043    61.1798  101.801    66.992    15.6128 ]
Episode finished: False
Track: [  3.63755   6.70896   9.13318  12.3732   15.6648   18.0048   19.5302
  21.0654   22.2971   23.658    25.1653   26.8391   29.4822   32.8604
  40.0426   55.4405   95.5824  136.791    16.2518 ]
Reward: 59.38314944067724
Episode finished: False
Track: [  3.19412   5.84159   7.91519  10.6728   13.4674   15.455    16.7532
  18.0618   19.1137   20.2793   21.5734   23.0159   25.3191   28.3246
  34.9161   49.6936   89.0525  131.331    16.9438 ]
Episode finished: False
Track: [  2.72324   4.94056   6.66467   8.94674  11.2538   12.8955   13.9691
  15.0538   15.9275   16.8971   17.978    19.1858   21.1315   23.7313
  29.6406   43.9157   82.1028  125.723    17.6893 ]
Reward: 59.46806577821073
Episode finished: False
Track: [  2.2258    4.00726   5.38328   7.19582   9.02427  10.3258   11.1782
  12.0406   12.7374   13.5117   14.3776   15.3484   16.9217   19.0783
  24.1918   37.8075   74.5306  119.945    18.4883 ]
Episode finished: False
Track: [  1.70267   3.04312   4.07179   5.42118   6.77901   7.74588   8.3799
   9.02269   9.54283  10.1224   10.7722   11.504    12.6948   14.3579
  18.5328   31.1491   65.8857  113.963    19.3442 ]
Reward: 59.53512385387861
Episode finished: False
Track: [  1.15494   2.04973   2.73239   3.62398   4.51928   5.15694   5.57581
   6.00081   6.34535   6.7304    7.16296   7.65224   8.45377   9.58393
  12.6124   23.6454   54.9055  107.735    20.3048 ]
Episode finished: False
Track: [  0.583358   1.02831    1.36578    1.80458    2.24434    2.55753
   2.76337    2.97283    3.14274    3.33281    3.54736    3.79082
   4.19158    4.76392    6.36416   14.5166    42.9316   101.165
  21.4123  ]
Reward: 59.56460464404402
Episode finished: True
Track: [-1. -1. -1. -1. -1. -1. -1. -1. -1. -1. -1. -1. -1. -1. -1. -1. -1. -1.
 -1.]
Episode finished: False
Track: [11.2832 63.3556 51.0926 43.0837 38.7021 36.6483 35.5923 34.6913 34.0609
 33.4418 32.8337 32.237  31.4204 30.5144 28.893  25.9486 21.8682 17.6171
 10.1725]
Reward: 0.43572600194631017
Episode finished: False
Track: [11.2798 63.3033 51.0479 43.0462 38.6694 36.6181 35.5635 34.6636 34.0341
 33.4157 32.8085 32.2127 31.3972 30.4924 28.8734 25.9334 21.8591 17.6139
 10.1771]
Episode finished: False
Track: [11.1185 64.2607 51.9473 43.8704 39.4362 37.3535 36.2814 35.3661 34.7255
 34.0958 33.4774 32.87   32.0386 31.1153 29.4618 26.4542 22.2769 17.9163
 10.2808]
Reward: 0.814592755851012
Episode finished: False
Track: [10.8492 66.0883 53.668  45.4497 40.907  38.7646 37.6596 36.7148 36.0528
 35.4017 34.7615 34.1323 33.27   32.3114 30.5915 27.4528 23.0742 18.4873
 10.4639]
Episode finished: False
Track: [10.7097 67.0329 54.5656 46.2805 41.685  39.5133 38.3919 37.4325 36.7598
 36.098  35.4468 34.8066 33.9288 32.9523 31.1984 27.9923 23.5084 18.801
 10.5677]
Reward: 2.201485269543703
Episode finished: False
Track: [10.6017 67.7214 55.2253 46.8957 42.2641 40.072  38.9392 37.9695 37.2894
 36.6199 35.9611 35.3131 34.4243 33.435  31.6569 28.4023 23.8415 19.0447
 10.6527]
Episode finished: False
Track: [10.5059 68.2823 55.7675 47.4052 42.7462 40.5384 39.3968 38.4191 37.7331
 37.0577 36.3929 35.7388 34.8413 33.8419 32.0447 28.7512 24.1281 19.2576
 10.7314]
Reward: 3.537119573730372
Episode finished: False
Track: [10.4382 68.6074 56.0867 47.7091 43.0364 40.8205 39.6743 38.6924 38.0033
 37.3248 36.6567 35.9994 35.0972 34.0924 32.2846 28.9695 24.311  19.3973
 10.7891]
Episode finished: False
Track: [10.4096 68.5799 56.0713 47.7035 43.0368 40.8239 39.6792 38.6987 38.0107
 37.333  36.6658 36.0094 35.1085 34.1051 32.2997 28.9888 24.3354 19.4253
 10.8149]
Reward: 4.916649130793048
Episode finished: False
Track: [10.385  68.5097 56.0155 47.6608 43.0027 40.7941 39.6518 38.6733 37.9866
 37.3104 36.6447 35.9897 35.0907 34.0895 32.2882 28.9847 24.3413 19.4403
 10.8375]
Episode finished: False
Track: [10.381  68.2797 55.8072 47.4763 42.8353 40.636  39.4986 38.5246 37.8412
 37.1681 36.5057 35.854  34.9595 33.9635 32.1719 28.8872 24.272  19.4012
 10.8429]
Reward: 6.405624021366585
Episode finished: False
Track: [10.4319 67.5902 55.1637 46.8898 42.2919 40.1162 38.992  38.0296 37.3546
 36.6901 36.0362 35.3931 34.5109 33.5289 31.7636 28.531  23.9958 19.2147
 10.8043]
Episode finished: False
Track: [10.4962 66.8185 54.4442 46.2348 41.6856 39.5363 38.4267 37.4773 36.8118
 36.1568 35.5125 34.8791 34.0104 33.044  31.308  28.133  23.6863 19.0041
 10.7572]
Reward: 7.778137288983096
Episode finished: False
Track: [10.5545 66.129  53.8043 45.6544 41.1494 39.0243 37.928  36.9903 36.3333
 35.6869 35.0513 34.4265 33.5701 32.6177 30.9079 27.7843 23.4159 18.8205
 10.7169]
Episode finished: False
Track: [10.6255 65.3876 53.1166 45.0312 40.5739 38.4746 37.3925 36.4675 35.8196
 35.1825 34.5561 33.9405 33.0972 32.1597 30.478  27.409  23.1236 18.6202
 10.6691]
Reward: 9.168676840586272
Episode finished: False
Track: [10.7208 64.5066 52.3004 44.292  39.8916 37.8231 36.7579 35.8479 35.2107
 34.5844 33.969  33.3645 32.5365 31.6166 29.9678 26.963  22.7747 18.3788
 10.607 ]
Episode finished: False
Track: [10.8004 63.8535 51.6956 43.7444 39.3861 37.3403 36.2875 35.3886 34.7594
 34.1411 33.5337 32.9372 32.1206 31.2137 29.589  26.6313 22.5139 18.1963
 10.5563]
Reward: 10.972228108566034
Episode finished: False
Track: [10.883  63.2427 51.1299 43.232  38.9129 36.8882 35.847  34.9583 34.3365
 33.7256 33.1256 32.5367 31.7305 30.8357 29.2333 26.3191 22.2672 18.022
 10.5046]
Episode finished: False
Track: [10.9711 62.6488 50.5796 42.7334 38.4523 36.448  35.4179 34.5392 33.9245
 33.3208 32.728  32.1463 31.3503 30.4669 28.8861 26.0137 22.0247 17.8491
 10.4504]
Reward: 11.558422178532341
Episode finished: False
Track: [11.0811 61.9616 49.9431 42.1569 37.9198 35.9391 34.9219 34.0545 33.4481
 32.8527 32.2682 31.6947 30.9104 30.0404 28.4843 25.6598 21.7428 17.6466
 10.3841]
Episode finished: False
Track: [11.2304 61.0868 49.1346 41.4261 37.2455 35.2949 34.2942 33.4414 32.8454
 32.2605 31.6866 31.1237 30.3541 29.5009 27.9762 25.2122 21.3857 17.389
 10.2974]
Reward: 13.535977118094726
Episode finished: False
Track: [11.3777 60.3242 48.4286 40.7869 36.6548 34.7303 33.7437 32.9035 32.3165
 31.7406 31.1757 30.6219 29.865  29.0263 27.5284 24.8164 21.0675 17.1563
 10.2131]
Episode finished: False
Track: [11.5538 59.4804 47.6481 40.0808 36.0026 34.1067 33.1358 32.3093 31.7323
 31.1663 30.6115 30.0676 29.3247 28.5019 27.0335 24.3782 20.7139 16.8959
 10.1153]
Reward: 14.074838266083292
Episode finished: False
Track: [11.8012  58.3228  46.5847  39.1241  35.1221  33.2665  32.3174  31.5102
 30.947   30.3949  29.8538  29.3238  28.6001  27.7992  26.3714  23.7936
 20.2441  16.551    9.98685]
Episode finished: False
Track: [12.1697  56.6425  45.0576  37.763   33.8765  32.0812  31.1647  30.3861
 29.8433  29.3116  28.7909  28.2812  27.5858  26.8169  25.448   22.982
 19.5955  16.0779   9.81464]
Reward: 15.564499293388016
Episode finished: False
Track: [12.6059  54.9079  43.4885  36.3694  32.6036  30.8708  29.9878  29.2386
 28.7168  28.206   27.7062  27.2172  26.5506  25.8143  24.5051  22.1519
 18.9288  15.5863   9.62494]
Episode finished: False
Track: [13.0607  53.3931  42.1167  35.1495  31.4876  29.8084  28.9542  28.2302
 27.7263  27.2333  26.7513  26.28    25.638   24.9294  23.671   21.4134
 18.3288  15.1349   9.43404]
Reward: 17.0904750798316
Episode finished: False
Track: [13.4554  52.3774  41.1795  34.3029  30.7048  29.059   28.2227  27.5145
 27.0219  26.5402  26.0693  25.6092  24.9828  24.2918  23.0659  20.8699
 17.8756  14.7806   9.26048]
Episode finished: False
Track: [13.9031  51.3085  40.1943  33.4139  29.8832  28.2725  27.4551  26.7634
 26.2826  25.8127  25.3537  24.9053  24.2951  23.6226  22.4304  20.2985
 17.3978  14.4051   9.07238]
Reward: 17.7593962761238
Episode finished: False
Track: [14.4892  49.9539  38.9587  32.3085  28.8669  27.3021  26.5093  25.8391
 25.3735  24.9189  24.4749  24.0415  23.4522  22.8032  21.654   19.6028
 16.8189  13.9522   8.84764]
Episode finished: False
Track: [15.2005  48.4534  37.5965  31.0945  27.7531  26.2395  25.474   24.8275
 24.3789  23.9411  23.5138  23.097   22.5307  21.9074  20.8053  18.8423
 16.1849  13.4542   8.59546]
Reward: 19.566239671514104
Episode finished: False
Track: [16.0597  46.8037  36.1101  29.7779  26.5492  25.0927  24.3575  23.7373
 23.3074  22.888   22.4791  22.0804  21.5392  20.9442  19.8934  18.0256
 15.504   12.9182   8.32023]
Episode finished: False
Track: [17.2405  44.7004  34.2548  28.1617  25.0855  23.7048  23.0094  22.4237
 22.018   21.6227  21.2376  20.8624  20.3534  19.7945  18.8087  17.0605
 14.7065  12.2962   8.00868]
Reward: 20.845695909802515
Episode finished: False
Track: [18.7041  42.538   32.3587  26.5166  23.598   22.2946  21.6399  21.089
 20.708   20.337   19.9758  19.6242  19.1478  18.625   17.7044  16.0753
 13.8874  11.6506   7.67165]
Episode finished: False
Track: [20.3727  40.591   30.6386  25.0147  22.2332  20.9974  20.3778  19.8574
 19.4978  19.1479  18.8075  18.4765  18.0283  17.537   16.673   15.1477
 13.1048  11.0208   7.31849]
Reward: 21.20684438417799
Episode finished: False
Track: [22.426   38.6783  28.9463  23.5352  20.8868  19.7161  19.1306  18.6395
 18.3005  17.9709  17.6506  17.3393  16.9182  16.4571  15.6474  14.2213
 12.317   10.3793   6.94389]
Episode finished: False
Track: [25.1066  36.7691  27.2592  22.0622  19.5464  18.4402  17.8883  17.4261
 17.1073  16.7978  16.4972  16.2053  15.8107  15.3792  14.6225  13.2932
 11.5237   9.7278   6.55223]
Reward: 22.696065259096194
Episode finished: False
Track: [29.0224  34.9051  25.6101  20.6219  18.2347  17.1909  16.6715  16.2371
 15.9379  15.6476  15.3659  15.0925  14.7235  14.3203  13.6145  12.3776
 10.7365   9.07588  6.14881]
Episode finished: False
Track: [81.782   32.5528  23.6009  18.91    16.696   15.7339  15.2565  14.8578
 14.5836  14.3177  14.06    13.8102  13.4731  13.1053  12.4624  11.3385
  9.8514   8.34975  5.70793]
Reward: 24.033261758128045
Episode finished: False
Track: [78.9338  29.9049  21.3863  17.0484  15.0327  14.1627  13.7322  13.3734
 13.1268  12.888   12.6567  12.4327  12.1308  11.8017  11.2273  10.2254
  8.90297  7.56988  5.22855]
Episode finished: False
Track: [76.1435  27.1956  19.1429  15.172   13.3576  12.5801  12.1965  11.8773
 11.6582  11.4463  11.2413  11.0428  10.7756  10.4847   9.97771  9.09537
  7.934    6.7655   4.71822]
Reward: 25.102038148484414
Episode finished: False
Track: [73.143   24.2439  16.7542  13.1991  11.6045  10.9263  10.5927  10.3156
 10.1256   9.94208  9.76464  9.59309  9.36228  9.11126  8.67445  7.91596
  6.92006  5.91968  4.17142]
Episode finished: False
Track: [70.2823  21.2532  14.3625  11.2326   9.857    9.2766   8.99204  8.75616
  8.59468  8.4388   8.28826  8.14281  7.94742  7.73516  7.36632  6.72744
  5.89099  5.05269  3.59288]
Reward: 25.957770588043722
Episode finished: False
Track: [66.8108  17.8169  11.7304   9.11287  7.98763  7.51666  7.28649  7.09599
  6.96577  6.84017  6.71901  6.60203  6.44502  6.27461  5.97893  5.46775
  4.79989  4.13142  2.97101]
Episode finished: False
Track: [63.4737  14.33     9.11746  7.02029  6.14112  5.77641  5.59881  5.45208
  5.35195  5.25548  5.16249  5.07281  4.95256  4.82222  4.59642  4.20696
  3.69956  3.19286  2.31725]
Reward: 26.798048431509745
Episode finished: False
Track: [59.916   10.5394   6.4095   4.88525  4.26405  4.00882  3.88498  3.78288
  3.71331  3.64636  3.5819   3.51979  3.43658  3.3465   3.19072  2.92269
  2.57448  2.22759  1.63121]
Episode finished: False
Track: [55.9677   6.20888  3.53876  2.66578  2.32136  2.18131  2.11362  2.05793
  2.02005  1.98362  1.94858  1.91487  1.86976  1.82097  1.73672  1.59216
  1.40488  1.21875  0.90059]
Reward: 27.505304422507727
Episode finished: False
Track: [51.5651    1.02598   0.526104  0.391033  0.339693  0.319035  0.309103
  0.300945  0.295395  0.290077  0.28495   0.280045  0.273468  0.266365
  0.254135  0.233173  0.206104  0.179268  0.13369 ]
Episode finished: True
Track: [-1. -1. -1. -1. -1. -1. -1. -1. -1. -1. -1. -1. -1. -1. -1. -1. -1. -1.
 -1.]
Episode finished: False
Track: [ 10.6066  23.0366  36.0729  61.5414 107.517  171.941  200.     200.
 200.     200.     200.     200.     200.     171.941  107.517   61.5414
  36.073   23.0367  10.6066]
Reward: 0.0
Episode finished: False
Track: [ 10.6066  23.0366  36.0728  61.5409 107.515  171.938  200.     200.
 200.     200.     200.     200.     200.     171.944  107.518   61.5419
  36.0731  23.0367  10.6066]
Episode finished: False
Track: [ 10.6089  23.0466  36.096   61.6049 107.703  172.409  200.     200.
 200.     200.     200.     200.     200.     171.475  107.331   61.4781
  36.0501  23.0267  10.6043]
Reward: 0.7180399953227911
Episode finished: False
Track: [ 10.6099  23.0525  36.1108  61.6483 107.836  172.749  200.     200.
 200.     200.     200.     200.     200.     171.14   107.199   61.4349
  36.0352  23.0208  10.6033]
Episode finished: False
Track: [ 10.6105  23.0563  36.1205  61.6771 107.925  172.977  200.     200.
 200.     200.     200.     200.     200.     170.917  107.112   61.4064
  36.0255  23.017   10.6027]
Reward: 2.109349930495268
Episode finished: False
Track: [ 10.6105  23.0564  36.1208  61.6778 107.927  172.982  200.     200.
 200.     200.     200.     200.     200.     170.912  107.11    61.4057
  36.0254  23.0169  10.6027]
Episode finished: False
Track: [ 10.6105  23.0564  36.1208  61.6778 107.927  172.982  200.     200.
 200.     200.     200.     200.     200.     170.912  107.11    61.4057
  36.0254  23.0169  10.6027]
Reward: 3.4742598842405674
Episode finished: False
Track: [ 10.6105  23.0565  36.121   61.6785 107.929  172.988  200.     200.
 200.     200.     200.     200.     200.     170.906  107.108   61.4049
  36.025   23.0168  10.6027]
Episode finished: False
Track: [ 10.611   23.0595  36.1286  61.7009 107.998  173.165  200.     200.
 200.     200.     200.     200.     200.     170.734  107.04    61.3828
  36.0176  23.0138  10.6022]
Reward: 4.853769775835025
Episode finished: False
Track: [ 10.6105  23.0566  36.1212  61.6788 107.93   172.99   200.     200.
 200.     200.     200.     200.     200.     170.904  107.107   61.4046
  36.025   23.0168  10.6027]
Episode finished: False
Track: [ 10.6101  23.0537  36.1137  61.657  107.863  172.817  200.     200.
 200.     200.     200.     200.     200.     171.073  107.173   61.4263
  36.0323  23.0196  10.6031]
Reward: 6.239779853548862
Episode finished: False
Track: [ 10.6105  23.0566  36.1212  61.6791 107.931  172.992  200.     200.
 200.     200.     200.     200.     200.     170.902  107.106   61.4044
  36.0249  23.0167  10.6027]
Episode finished: False
Track: [ 10.611   23.0596  36.1287  61.7012 107.999  173.167  200.     200.
 200.     200.     200.     200.     200.     170.732  107.039   61.3825
  36.0174  23.0138  10.6022]
Reward: 7.625359646726477
Episode finished: False
Track: [ 10.6106  23.0568  36.1215  61.68   107.934  173.     200.     200.
 200.     200.     200.     200.     200.     170.895  107.103   61.4034
  36.0245  23.0166  10.6027]
Episode finished: False
Track: [ 10.6101  23.054   36.1144  61.659  107.869  172.833  200.     200.
 200.     200.     200.     200.     200.     171.058  107.167   61.4243
  36.0316  23.0194  10.6031]
Reward: 9.036439780374819
Episode finished: False
Track: [ 10.6105  23.0567  36.1212  61.6791 107.931  172.992  200.     200.
 200.     200.     200.     200.     200.     170.902  107.106   61.4043
  36.0248  23.0167  10.6027]
Episode finished: False
Track: [ 10.611   23.0594  36.1282  61.6996 107.994  173.154  200.     200.
 200.     200.     200.     200.     200.     170.744  107.044   61.3841
  36.018   23.014   10.6022]
Reward: 10.458899526020847
Episode finished: False
Track: [ 10.6104  23.0558  36.119   61.6725 107.91   172.939  200.     200.
 200.     200.     200.     200.     200.     170.954  107.126   61.4109
  36.027   23.0176  10.6028]
Episode finished: False
Track: [ 10.6106  23.0568  36.1218  61.6804 107.935  173.002  200.     200.
 200.     200.     200.     200.     200.     170.893  107.102   61.4031
  36.0244  23.0165  10.6026]
Reward: 11.89249958897903
Episode finished: False
Track: [ 10.6108  23.0582  36.1252  61.6908 107.966  173.084  200.     200.
 200.     200.     200.     200.     200.     170.813  107.071   61.3928
  36.0209  23.0151  10.6024]
Episode finished: False
Track: [ 10.611   23.0596  36.1288  61.7011 107.998  173.166  200.     200.
 200.     200.     200.     200.     200.     170.733  107.039   61.3825
  36.0175  23.0137  10.6022]
Reward: 13.336499384071313
Episode finished: False
Track: [ 10.6107  23.0576  36.1236  61.6858 107.951  173.044  200.     200.
 200.     200.     200.     200.     200.     170.852  107.086   61.3977
  36.0226  23.0158  10.6025]
Episode finished: False
Track: [ 10.6105  23.0561  36.1197  61.6743 107.916  172.953  200.     200.
 200.     200.     200.     200.     200.     170.941  107.121   61.4091
  36.0265  23.0173  10.6027]
Reward: 14.730899537764511
Episode finished: False
Track: [ 10.6106  23.0568  36.1215  61.6796 107.932  172.995  200.     200.
 200.     200.     200.     200.     200.     170.9    107.105   61.4039
  36.0247  23.0166  10.6026]
Episode finished: False
Track: [ 10.6107  23.0577  36.1238  61.6866 107.953  173.05   200.     200.
 200.     200.     200.     200.     200.     170.846  107.084   61.3969
  36.0222  23.0156  10.6025]
Reward: 16.22109938738439
Episode finished: False
Track: [ 10.6108  23.0583  36.1253  61.6907 107.966  173.082  200.     200.
 200.     200.     200.     200.     200.     170.814  107.071   61.3929
  36.0209  23.0151  10.6024]
Episode finished: False
Track: [ 10.6108  23.058   36.1247  61.689  107.961  173.069  200.     200.
 200.     200.     200.     200.     200.     170.827  107.076   61.3945
  36.0214  23.0153  10.6024]
Reward: 17.540599314366727
Episode finished: False
Track: [ 10.6108  23.058   36.1247  61.6888 107.96   173.068  200.     200.
 200.     200.     200.     200.     200.     170.829  107.077   61.3947
  36.0215  23.0153  10.6024]
Episode finished: False
Track: [ 10.6106  23.0566  36.121   61.6781 107.927  172.982  200.     200.
 200.     200.     200.     200.     200.     170.912  107.11    61.4053
  36.0251  23.0167  10.6026]
Reward: 19.05079936758695
Episode finished: False
Track: [ 10.6108  23.0581  36.1248  61.6892 107.961  173.07   200.     200.
 200.     200.     200.     200.     200.     170.827  107.076   61.3944
  36.0213  23.0152  10.6024]
Episode finished: False
Track: [ 10.6107  23.0575  36.1233  61.6847 107.947  173.034  200.     200.
 200.     200.     200.     200.     200.     170.862  107.09    61.3988
  36.0229  23.0158  10.6025]
Reward: 20.562599247481085
Episode finished: False
Track: [ 10.6109  23.0584  36.1255  61.6909 107.966  173.083  200.     200.
 200.     200.     200.     200.     200.     170.813  107.071   61.3926
  36.0208  23.015   10.6023]
Episode finished: False
Track: [ 10.6111  23.0597  36.1287  61.7006 107.996  173.159  200.     200.
 200.     200.     200.     200.     200.     170.739  107.042   61.383
  36.0175  23.0137  10.6021]
Reward: 22.083998992838737
Episode finished: False
Track: [ 10.6109  23.0585  36.1258  61.692  107.97   173.091  200.     200.
 200.     200.     200.     200.     200.     170.806  107.068   61.3915
  36.0204  23.0148  10.6023]
Episode finished: False
Track: [ 10.6107  23.0571  36.1223  61.6815 107.937  173.008  200.     200.
 200.     200.     200.     200.     200.     170.887  107.1     61.402
  36.0239  23.0162  10.6025]
Reward: 23.678499175689076
Episode finished: False
Track: [ 10.6111  23.0592  36.1273  61.6962 107.982  173.122  200.     200.
 200.     200.     200.     200.     200.     170.775  107.055   61.3874
  36.0189  23.0142  10.6022]
Episode finished: False
Track: [ 10.6108  23.0576  36.1233  61.6842 107.945  173.028  200.     200.
 200.     200.     200.     200.     200.     170.868  107.092   61.3993
  36.0229  23.0158  10.6024]
Reward: 25.304199086971003
Episode finished: False
Track: [ 10.6111  23.0594  36.1277  61.6975 107.986  173.132  200.     200.
 200.     200.     200.     200.     200.     170.766  107.052   61.3861
  36.0184  23.014   10.6021]
Episode finished: False
Track: [ 10.6111  23.0596  36.1284  61.6995 107.992  173.148  200.     200.
 200.     200.     200.     200.     200.     170.751  107.046   61.3841
  36.0177  23.0137  10.6021]
Reward: 27.02909879441085
Episode finished: False
Track: [ 10.6111  23.0596  36.1283  61.6991 107.991  173.144  200.     200.
 200.     200.     200.     200.     200.     170.754  107.047   61.3846
  36.0178  23.0137  10.6021]
Episode finished: False
Track: [ 10.6111  23.0595  36.1282  61.6984 107.989  173.139  200.     200.
 200.     200.     200.     200.     200.     170.76   107.049   61.3852
  36.0181  23.0138  10.6021]
Reward: 28.675798741299328
Episode finished: False
Track: [ 10.6112  23.0595  36.1282  61.6985 107.989  173.139  200.     200.
 200.     200.     200.     200.     200.     170.759  107.049   61.3851
  36.0181  23.0138  10.6021]
Episode finished: False
Track: [ 10.6112  23.0596  36.1282  61.6988 107.989  173.141  200.     200.
 200.     200.     200.     200.     200.     170.757  107.048   61.3848
  36.0179  23.0137  10.602 ]
Reward: 30.336598664108934
Episode finished: False
Track: [ 10.6112  23.0596  36.1283  61.6988 107.99   173.141  200.     200.
 200.     200.     200.     200.     200.     170.757  107.048   61.3848
  36.0178  23.0137  10.602 ]
Episode finished: False
Track: [ 10.6112  23.0596  36.1283  61.6989 107.99   173.141  200.     200.
 200.     200.     200.     200.     200.     170.757  107.048   61.3847
  36.0178  23.0137  10.602 ]
Reward: 32.06019858820913
Episode finished: False
Track: [ 10.6112  23.0597  36.1283  61.699  107.99   173.141  200.     200.
 200.     200.     200.     200.     200.     170.757  107.048   61.3846
  36.0177  23.0137  10.602 ]
Episode finished: False
Track: [ 10.6112  23.0597  36.1284  61.6991 107.99   173.142  200.     200.
 200.     200.     200.     200.     200.     170.757  107.048   61.3846
  36.0177  23.0136  10.602 ]
Reward: 33.76549851311519
Episode finished: False
Track: [ 10.6112  23.0597  36.1284  61.6991 107.99   173.142  200.     200.
 200.     200.     200.     200.     200.     170.756  107.048   61.3845
  36.0177  23.0136  10.602 ]
Episode finished: False
Track: [ 10.6112  23.0598  36.1285  61.6992 107.99   173.142  200.     200.
 200.     200.     200.     200.     200.     170.756  107.047   61.3844
  36.0176  23.0136  10.602 ]
Reward: 35.428498439883946
Episode finished: False
Track: [ 10.6113  23.0598  36.1285  61.6993 107.99   173.142  200.     200.
 200.     200.     200.     200.     200.     170.756  107.047   61.3843
  36.0176  23.0135  10.602 ]
Episode finished: False
Track: [ 10.6113  23.0598  36.1286  61.6993 107.99   173.142  200.     200.
 200.     200.     200.     200.     200.     170.756  107.047   61.3843
  36.0175  23.0135  10.6019]
Reward: 37.05909836807946
Episode finished: False
Track: [ 10.6113  23.0598  36.1286  61.6994 107.991  173.143  200.     200.
 200.     200.     200.     200.     200.     170.755  107.047   61.3842
  36.0175  23.0135  10.6019]
Episode finished: False
Track: [ 10.6113  23.0599  36.1287  61.6995 107.991  173.143  200.     200.
 200.     200.     200.     200.     200.     170.755  107.047   61.3841
  36.0174  23.0135  10.6019]
Reward: 38.660498297560814
Episode finished: False
Track: [ 10.6113  23.0599  36.1287  61.6996 107.991  173.143  200.     200.
 200.     200.     200.     200.     200.     170.755  107.047   61.384
  36.0174  23.0134  10.6019]
Episode finished: False
Track: [ 10.6113  23.0599  36.1288  61.6997 107.991  173.143  200.     200.
 200.     200.     200.     200.     200.     170.755  107.047   61.3839
  36.0173  23.0134  10.6019]
Reward: 40.217898228979735
Episode finished: False
Track: [ 10.6113  23.06    36.1288  61.6998 107.991  173.144  200.     200.
 200.     200.     200.     200.     200.     170.754  107.046   61.3838
  36.0173  23.0134  10.6019]
Episode finished: False
Track: [ 10.6114  23.06    36.1289  61.6998 107.991  173.144  200.     200.
 200.     200.     200.     200.     200.     170.754  107.046   61.3838
  36.0172  23.0133  10.6019]
Reward: 41.72719816251677
Episode finished: False
Track: [ 10.6114  23.06    36.1289  61.6999 107.991  173.144  200.     200.
 200.     200.     200.     200.     200.     170.754  107.046   61.3837
  36.0172  23.0133  10.6018]
Episode finished: False
Track: [ 10.6114  23.0601  36.129   61.7    107.992  173.144  200.     200.
 200.     200.     200.     200.     200.     170.754  107.046   61.3836
  36.0171  23.0133  10.6018]
Reward: 43.185898098282
Episode finished: False
Track: [ 10.6114  23.0601  36.129   61.7001 107.992  173.145  200.     200.
 200.     200.     200.     200.     200.     170.753  107.046   61.3835
  36.0171  23.0132  10.6018]
Episode finished: False
Track: [ 10.6114  23.0602  36.1291  61.7002 107.992  173.145  200.     200.
 200.     200.     200.     200.     200.     170.753  107.046   61.3834
  36.017   23.0132  10.6018]
Reward: 44.59189803636792
Episode finished: False
Track: [ 10.6114  23.0602  36.1291  61.7003 107.992  173.145  200.     200.
 200.     200.     200.     200.     200.     170.753  107.045   61.3833
  36.0169  23.0132  10.6018]
Episode finished: False
Track: [ 10.6115  23.0602  36.1292  61.7004 107.992  173.145  200.     200.
 200.     200.     200.     200.     200.     170.753  107.045   61.3832
  36.0169  23.0131  10.6018]
Reward: 45.94329797685818
Episode finished: False
Track: [ 10.6115  23.0603  36.1292  61.7005 107.993  173.146  200.     200.
 200.     200.     200.     200.     200.     170.752  107.045   61.3831
  36.0168  23.0131  10.6017]
Episode finished: False
Track: [ 10.6115  23.0603  36.1293  61.7006 107.993  173.146  200.     200.
 200.     200.     200.     200.     200.     170.752  107.045   61.383
  36.0168  23.013   10.6017]
Reward: 47.233097920061034
Episode finished: False
Track: [ 10.6115  23.0603  36.1294  61.7007 107.993  173.146  200.     200.
 200.     200.     200.     200.     200.     170.752  107.045   61.3829
  36.0167  23.013   10.6017]
Episode finished: False
Track: [ 10.6115  23.0604  36.1294  61.7008 107.993  173.147  200.     200.
 200.     200.     200.     200.     200.     170.751  107.045   61.3828
  36.0166  23.013   10.6017]
Reward: 48.46009786602932
Episode finished: False
Track: [ 10.6115  23.0604  36.1295  61.7009 107.993  173.147  200.     200.
 200.     200.     200.     200.     200.     170.751  107.044   61.3827
  36.0166  23.0129  10.6017]
Episode finished: False
Track: [ 10.6116  23.0604  36.1296  61.701  107.993  173.147  200.     200.
 200.     200.     200.     200.     200.     170.751  107.044   61.3826
  36.0165  23.0129  10.6017]
Reward: 49.625697814701404
Episode finished: False
Track: [ 10.6116  23.0605  36.1296  61.7011 107.994  173.147  200.     200.
 200.     200.     200.     200.     200.     170.751  107.044   61.3825
  36.0165  23.0128  10.6016]
Episode finished: False
Track: [ 10.6116  23.0605  36.1297  61.7013 107.994  173.148  200.     200.
 200.     200.     200.     200.     200.     170.75   107.044   61.3824
  36.0164  23.0128  10.6016]
Reward: 50.731097766024426
Episode finished: False
Track: [ 10.6825  23.2144  36.3704  62.1112 108.708  174.287  200.     200.
 200.     200.     200.     200.     200.     169.628  106.335   60.9742
  35.7764  22.8592  10.5308]
Episode finished: False
Track: [ 10.6825  23.2144  36.3704  62.1112 108.708  174.287  200.     200.
 200.     200.     200.     200.     200.     169.628  106.335   60.9742
  35.7764  22.8592  10.5308]
Reward: 51.778097793427534
Episode finished: False
Track: [ 10.6825  23.2144  36.3704  62.1112 108.708  174.287  200.     200.
 200.     200.     200.     200.     200.     169.628  106.335   60.9742
  35.7764  22.8592  10.5308]
Episode finished: False
Track: [ 10.6825  23.2144  36.3704  62.1112 108.708  174.287  200.     200.
 200.     200.     200.     200.     200.     169.628  106.335   60.9742
  35.7764  22.8592  10.5308]
Reward: 52.76839775127119
Episode finished: False
Track: [ 10.6825  23.2144  36.3704  62.1112 108.708  174.279  200.     200.
 200.     200.     200.     200.     200.     169.628  106.335   60.9742
  35.7764  22.8592  10.5308]
Episode finished: False
Track: [ 10.6825  23.2144  36.3704  62.1112 108.708  173.823  197.705  200.
 200.     200.     200.     200.     200.     169.628  106.335   60.9742
  35.7764  22.8592  10.5308]
Reward: 53.703997711510276
Episode finished: False
Track: [ 10.6825  23.2144  36.3704  62.1112 108.708  172.911  195.254  200.
 200.     200.     200.     200.     200.     169.842  106.335   60.9742
  35.7764  22.8592  10.5308]
Episode finished: False
Track: [ 10.6825  23.2144  36.3704  62.1112 108.708  171.716  192.774  200.
 200.     200.     200.     200.     200.     200.     106.335   60.9742
  35.7764  22.8592  10.5308]
Reward: 54.586697674086984
Episode finished: False
Track: [ 10.6825  23.2144  36.3705  62.1113 108.709  170.303  190.24   200.
 200.     200.     200.     200.     200.     200.     106.335   60.9741
  35.7764  22.8592  10.5308]
Episode finished: False
Track: [ 10.6825  23.2144  36.3704  62.1111 108.708  168.732  187.678  199.772
 200.     200.     200.     200.     200.     200.     106.336   60.9742
  35.7764  22.8592  10.5308]
Reward: 55.42559764031542
Episode finished: False
Track: [ 10.6825  23.2144  36.3704  62.111  108.708  167.034  185.089  196.894
 200.     200.     200.     200.     200.     200.     106.336   60.9743
  35.7764  22.8593  10.5308]
Episode finished: False
Track: [ 10.6825  23.2144  36.3704  62.1112 108.708  165.229  182.474  193.994
 200.     200.     200.     200.     200.     200.     106.335   60.9742
  35.7764  22.8592  10.5308]
Reward: 56.212097604829474
Episode finished: False
Track: [ 10.6825  23.2144  36.3705  62.1113 108.709  163.333  179.833  191.073
 198.206  200.     200.     200.     200.     200.     106.335   60.9741
  35.7764  22.8592  10.5308]
Episode finished: False
Track: [ 10.6825  23.2144  36.3704  62.1111 108.708  161.357  177.167  188.131
 195.127  200.     200.     200.     200.     200.     106.336   60.9742
  35.7764  22.8592  10.5308]
Reward: 56.94899757537522
Episode finished: False
Track: [ 10.6825  23.2144  36.3704  62.1111 108.708  159.309  174.477  185.169
 192.029  198.44   200.     200.     200.     200.     106.336   60.9743
  35.7764  22.8592  10.5308]
Episode finished: False
Track: [ 10.6825  23.2144  36.3704  62.1112 108.708  157.199  171.763  182.188
 188.911  195.212  200.     200.     200.     200.     106.335   60.9742
  35.7764  22.8592  10.5308]
Reward: 57.63899754428234
Episode finished: False
Track: [ 10.6825  23.2144  36.3704  62.1112 108.709  155.03   169.027  179.189
 185.776  191.965  197.842  200.     200.     200.     106.335   60.9741
  35.7764  22.8592  10.5308]
Episode finished: False
Track: [ 10.6825  23.2144  36.3704  62.1111 108.708  152.807  166.269  176.171
 182.622  188.7    194.483  200.     200.     200.     106.336   60.9742
  35.7764  22.8592  10.5308]
Reward: 58.28479751850304
Episode finished: False
Track: [ 10.6825  23.2144  36.3704  62.1111 108.708  150.535  163.488  173.136
 179.451  185.417  191.105  196.563  200.     200.     106.336   60.9743
  35.7764  22.8592  10.5308]
Episode finished: False
Track: [ 10.6825  23.2144  36.3704  62.1112 108.708  148.218  160.688  170.084
 176.264  182.118  187.71   193.085  200.     200.     106.335   60.9742
  35.7764  22.8592  10.5308]
Reward: 58.88889749120207
Episode finished: False
Track: [ 10.6825  23.2144  36.3704  62.1112 108.708  145.858  157.867  167.016
 173.061  178.802  184.297  189.589  196.709  200.     106.335   60.9741
  35.7764  22.8592  10.5308]
Episode finished: False
Track: [ 10.6825  23.2144  36.3704  62.1111 108.708  143.457  155.026  163.931
 169.841  175.47   180.868  186.075  193.092  200.     106.336   60.9742
  35.7764  22.8592  10.5308]
Reward: 59.453697468701996
Episode finished: False
Track: [ 10.6825  23.2144  36.3704  62.1111 108.708  141.02   152.167  160.83
 166.607  172.123  177.424  182.544  189.457  197.05   106.336   60.9743
  35.7764  22.8592  10.5308]
Episode finished: False
Track: [ 10.6825  23.2144  36.3704  62.1112 108.708  138.547  149.289  157.715
 163.358  168.761  173.963  178.997  185.805  193.294  106.335   60.9742
  35.7764  22.8592  10.5308]
Reward: 59.98159744461561
Episode finished: False
Track: [ 10.6825  23.2144  36.3704  62.1112 108.708  136.041  146.393  154.586
 160.096  165.384  170.488  175.435  182.135  189.52   106.335   60.9741
  35.7764  22.8592  10.5308]
Episode finished: False
Track: [ 10.6825  23.2144  36.3704  62.1111 108.575  133.503  143.479  151.442
 156.82   161.994  166.999  171.857  178.45   185.728  106.336   60.9742
  35.7764  22.8592  10.5308]
Reward: 60.47469742507312
Episode finished: False
Track: [ 10.6825  23.2144  36.3704  62.1111 107.935  130.934  140.549  148.284
 153.53   158.591  163.495  168.265  174.747  181.918  106.816   60.9743
  35.7764  22.8592  10.5308]
Episode finished: False
Track: [ 10.6825  23.2144  36.3704  62.1112 106.94   128.337  137.603  145.113
 150.228  155.174  159.978  164.658  171.03   178.091  110.879   60.9742
  35.7764  22.8592  10.5308]
Reward: 60.93529740410982
Episode finished: False
Track: [ 10.6825  23.2144  36.3704  62.1112 105.693  125.713  134.64   141.93
 146.913  151.745  156.448  161.037  167.297  174.246  186.786   60.9742
  35.7764  22.8592  10.5308]
Episode finished: False
Track: [ 10.6825  23.2144  36.3704  62.1111 104.256  123.062  131.662  138.733
 143.587  148.304  152.905  157.403  163.549  170.386  182.75    60.9742
  35.7764  22.8592  10.5308]
Reward: 61.365197387264345
Episode finished: False
Track: [ 10.6825  23.2144  36.3704  62.1111 102.668  120.387  128.669  135.525
 140.248  144.851  149.35   153.755  159.787  166.509  178.696   60.9743
  35.7764  22.8592  10.5308]
Episode finished: False
Track: [ 10.6825  23.2144  36.3704  62.1112 100.955  117.687  125.662  132.305
 136.899  141.387  145.782  150.096  156.011  162.616  174.622   60.9742
  35.7764  22.8592  10.5308]
Reward: 61.77229736868739
Episode finished: False
Track: [ 10.6825  23.2144  36.3704  62.1112  99.1353 114.964  122.639  129.073
 133.538  137.911  142.203  146.422  152.22   158.707  170.528   60.9742
  35.7764  22.8592  10.5308]
Episode finished: False
Track: [ 10.6825  23.2144  36.3704  62.1111  97.2229 112.215  119.599  125.825
 130.162  134.42   138.608  142.732  148.411  154.778  166.41    60.9743
  35.7764  22.8592  10.5308]
Reward: 62.2982973483539
Episode finished: False
Track: [ 10.6825  23.2144  36.3704  62.1111  95.2266 109.439  116.539  122.56
 126.768  130.911  134.994  139.023  144.58   150.825  162.265   60.9743
  35.7764  22.8592  10.5308]
Episode finished: False
Track: [ 10.6825  23.2144  36.3704  62.1111  93.1528 106.634  113.457  119.274
 123.355  127.382  131.359  135.291  140.726  146.846  158.089   60.9742
  35.7764  22.8592  10.5308]
Reward: 63.027097316653034
Episode finished: False
Track: [ 10.6825  23.2144  36.3704  62.1111  91.0069 103.798  110.35   115.966
 119.92   123.83   127.701  131.534  136.845  142.838  153.879   60.9742
  35.7764  22.8592  10.5308]
Episode finished: False
Track: [ 10.6825  23.2144  36.3704  62.1111  88.7929 100.931  107.218  112.634
 116.46   120.253  124.016  127.751  132.934  138.798  149.633   60.9743
  35.7764  22.8592  10.5308]
Reward: 63.90489728108967
Episode finished: False
Track: [ 10.6825  23.2144  36.3704  62.1043  86.5144  98.0314 104.058  109.276
 112.974  116.65   120.304  123.938  128.993  134.724  145.347   60.9743
  35.7765  22.8592  10.5308]
Episode finished: False
Track: [ 10.6825  23.2144  36.3704  61.8071  84.1746  95.0991 100.87   105.892
 109.462  113.02   116.564  120.096  125.02   130.616  141.022   61.2084
  35.7764  22.8592  10.5308]
Reward: 64.87709723982088
Episode finished: False
Track: [ 10.6825  23.2144  36.3704  61.1594  81.7759  92.1331  97.654  102.48
 105.923  109.361  112.795  116.224  121.014  126.472  136.655   62.3833
  35.7764  22.8592  10.5308]
Episode finished: False
Track: [ 10.6825  23.2144  36.3704  60.2442  79.3208  89.1337  94.4087  99.0404
 102.356  105.675  108.997  112.321  116.975  122.292  132.245   66.0933
  35.7765  22.8593  10.5308]
Reward: 65.88209719860063
Episode finished: False
Track: [ 10.6825  23.2143  36.3704  59.1139  76.8116  86.1011  91.1345  95.5734
  98.7609 101.96   105.169  108.386  112.902  118.075  127.792  147.21
  35.7765  22.8593  10.5308]
Episode finished: False
Track: [ 10.6825  23.2144  36.3704  57.8048  74.2508  83.0361  87.8318  92.0795
  95.1392  98.2175 101.312  104.422  108.797  113.822  123.297  142.342
  35.7765  22.8593  10.5308]
Reward: 66.86839715662278
Episode finished: False
Track: [ 10.6825  23.2144  36.3704  56.3429  71.6403  79.9393  84.5016  88.5592
  91.491   94.4479  97.4277 100.428  104.66   109.534  118.76   137.418
  35.7765  22.8592  10.5308]
Episode finished: False
Track: [ 10.6825  23.2143  36.3677  54.7481  68.9831  76.812   81.1447  85.0138
  87.8179  90.6528  93.5164  96.4061 100.491  105.211  114.18   132.438
  35.7765  22.8593  10.5308]
Reward: 67.78239711906215
Episode finished: False
Track: [ 10.6825  23.2143  36.1741  53.0362  66.2815  73.656   77.7626  81.4447
  84.121   86.8336  89.5798  92.3574  96.2944 100.856  109.561  127.403
  35.9668  22.8593  10.5308]
Episode finished: False
Track: [ 10.6825  23.2143  35.7169  51.2201  63.5382  70.4724  74.357   77.8534
  80.4025  82.9921  85.6202  88.2841  92.0698  96.47   104.903  122.313
  36.6619  22.8593  10.5308]
Reward: 68.57089708556873
Episode finished: False
Track: [ 10.6825  23.2143  35.0411  49.3105  60.756   67.2637  70.9303  74.2423
  76.6644  79.1308  81.6397  84.1888  87.8209  92.0556 100.209  117.17
  38.1246  22.8593  10.5308]
Episode finished: False
Track: [ 10.6825  23.1781  34.1798  47.3169  57.9383  64.0323  67.4844  70.6141
  72.9093  75.2523  77.6412  80.074   83.5498  87.616   95.4813 111.975
  40.9633  22.8891  10.5308]
Reward: 69.18569706018452
Episode finished: False
Track: [ 10.6825  22.957   33.1589  45.2479  55.0877  60.7807  64.022   66.971
  69.1399  71.3592  73.6274  75.9427  79.2598  83.1534  90.7221 106.729
  47.7803  23.1535  10.5308]
Episode finished: False
Track: [ 10.6825  22.5574  31.9991  43.1111  52.2084  57.512   60.5464  63.3166
  65.3598  67.4554  69.6022  71.7989  74.955   78.6724  85.9358 101.436
 130.522   23.7443  10.5308]
Reward: 69.58129704349653
Episode finished: False
Track: [ 10.6825  22.0003  30.717   40.9135  49.3034  54.2292  57.0605  59.654
  61.572   63.544   65.5687  67.6456  70.6384  74.1758  81.1248  96.0974
 124.193   24.7508  10.5308]
Episode finished: False
Track: [ 10.6424  21.3038  29.3275  38.6624  46.3774  50.9363  53.5684  55.9873
  57.781   59.6292  61.532   63.4882  66.3152  69.6692  76.2948  90.7166
 117.861   26.3104  10.5726]
Reward: 69.71109703869256
Episode finished: False
Track: [ 10.5037  20.4832  27.8433  36.3645  43.4344  47.6374  50.0742  52.3206
  53.9908  55.716   57.496   59.3307  61.9902  65.1572  71.4498  85.2965
 111.53    28.6585  10.7318]
Episode finished: False
Track: [ 10.2709  19.5506  26.2736  34.0229  40.475   44.332   46.5774  48.6535
  50.2013  51.8035  53.4608  55.173   57.6625  60.6389  66.5887  79.8338
 105.2     32.2775  11.0175]
Reward: 69.58903202197789
Episode finished: False
Track: [ 9.94903 18.5179  24.6285  31.6444  37.5039  41.0252  43.0828  44.9912
 46.4173  47.8971  49.4314  51.0205  53.3382  56.1203  61.717   74.3319
 98.8804  38.544   11.4384 ]
Episode finished: False
Track: [  9.54221  17.3928   22.9134   29.2292   34.5191   37.7134   39.587
  41.3294   42.635    43.9928   45.4037   46.8689   49.0126   51.5963
  56.8288   68.7812   92.5333  149.999    12.005  ]
